15
0 1 1127 
0 7 891 
0 6 802 
0 9 796 
0 12 68 
0 13 206 
0 11 771 
0 14 1123 
1 2 808 
1 5 477 
1 9 611 
1 3 639 
1 8 743 
1 13 1000 
2 3 409 
2 13 606 
2 6 242 
2 11 451 
2 10 439 
2 1 808 
2 5 642 
2 0 569 
2 4 375 
2 9 263 
2 14 771 
2 8 181 
2 7 648 
2 12 629 
3 4 241 
3 10 101 
3 8 234 
3 5 270 
3 12 555 
3 2 409 
3 9 472 
3 7 403 
3 1 639 
3 0 488 
3 13 374 
4 5 318 
4 13 611 
4 7 273 
4 14 439 
4 6 361 
4 0 696 
4 2 375 
4 3 241 
4 10 170 
4 11 83 
4 8 284 
4 1 459 
4 9 292 
5 6 679 
5 8 487 
5 11 302 
6 7 595 
6 5 679 
6 4 361 
6 12 865 
7 8 544 
7 3 403 
7 2 648 
7 5 239 
8 9 339 
8 6 359 
8 0 460 
8 7 544 
8 4 284 
8 11 368 
8 5 487 
8 3 234 
9 10 442 
10 11 210 
10 1 538 
10 3 101 
10 12 657 
10 5 204 
10 0 590 
10 8 284 
10 14 538 
10 6 503 
10 2 439 
11 12 840 
11 8 368 
11 3 300 
11 6 403 
11 7 200 
11 9 328 
11 2 451 
11 5 302 
11 4 83 
11 14 357 
11 1 375 
11 10 210 
11 0 771 
11 13 674 
12 13 247 
13 14 1007 
13 8 449 
13 11 674 
13 0 206 
13 10 470 
13 5 554 
13 4 611 
13 2 606 
13 3 374 
13 12 247 
13 7 755 
13 6 808 
13 1 1000 
13 9 783 
14 0 1123 
14 7 266 
14 3 639 
14 5 505 
14 12 1191 
14 1 72 
14 10 538 
14 8 721 
14 4 439 
14 13 1007 
14 6 632 
